function y = LM_11(x1, x2, x3, x4, x5, x6, x7, x8, x9, x10, x11, x12, x13, x14, x15, x16, x17, x18, x19, x20, x21)
    y = -0.095963 * (((x2)-(x6))-((x13)./((x3)+(x6)))) + 1.871190;
end
