function y = LM_3(x1, x2, x3, x4, x5, x6, x7, x8, x9, x10, x11, x12, x13, x14, x15, x16, x17, x18, x19, x20, x21)
    y = 0.000138 * ((x18)-(((x19)+(x11))+((x11)+(x10)))) + 1.159866;
end
